importMaze Mazes/Solvable1.txt False
toString
1 1 1 1 1 
1 1 1 1 1 
1 1 1 1 1 
1 1 1 1 1 
1 1 1 1 1 

1 1 1 1 1 
1 1 1 1 1 
1 1 1 1 1 
1 1 1 1 1 
1 1 1 1 1 

1 1 1 1 1 
1 1 1 1 1 
1 1 1 1 1 
1 1 1 1 1 
1 1 1 1 1 

1 1 1 1 1 
1 1 1 1 1 
1 1 1 1 1 
1 1 1 1 1 
1 1 1 1 1 

1 1 1 1 1 
1 1 1 1 1 
1 1 1 1 1 
1 1 1 1 1 
1 1 1 1 1 

solveMaze
INVALID solution. Maze has been altered from: 
1 1 1 1 1 
1 1 1 1 1 
1 1 1 1 1 
1 1 1 1 1 
1 1 1 1 1 

1 1 1 1 1 
1 1 1 1 1 
1 1 1 1 1 
1 1 1 1 1 
1 1 1 1 1 

1 1 1 1 1 
1 1 1 1 1 
1 1 1 1 1 
1 1 1 1 1 
1 1 1 1 1 

1 1 1 1 1 
1 1 1 1 1 
1 1 1 1 1 
1 1 1 1 1 
1 1 1 1 1 

1 1 1 1 1 
1 1 1 1 1 
1 1 1 1 1 
1 1 1 1 1 
1 1 1 1 1 

...to: 

3 3 3 3 3 
3 3 3 3 3 
3 3 3 3 3 
3 3 3 3 3 
3 3 3 3 3 

3 3 3 3 3 
3 3 3 3 3 
3 3 3 3 3 
3 3 3 3 3 
3 3 3 3 3 

3 3 3 3 3 
3 3 3 3 3 
3 3 3 3 3 
3 3 3 3 3 
3 3 3 3 3 

3 3 3 3 3 
3 3 3 3 3 
3 3 3 3 3 
3 3 3 3 3 
3 3 3 3 3 

3 3 3 3 3 
3 3 3 3 3 
3 3 3 3 3 
3 3 3 3 3 
3 3 3 3 3 

importMaze Mazes/Solvable2.txt False
toString
3 3 3 3 3 
3 3 3 3 3 
3 3 3 3 3 
3 3 3 3 3 
3 3 3 3 3 

3 3 3 3 3 
3 3 3 3 3 
3 3 3 3 3 
3 3 3 3 3 
3 3 3 3 3 

3 3 3 3 3 
3 3 3 3 3 
3 3 3 3 3 
3 3 3 3 3 
3 3 3 3 3 

3 3 3 3 3 
3 3 3 3 3 
3 3 3 3 3 
3 3 3 3 3 
3 3 3 3 3 

3 3 3 3 3 
3 3 3 3 3 
3 3 3 3 3 
3 3 3 3 3 
3 3 3 3 3 

solveMaze INVALID path given, path must begin at cell (0, 0, 0)
Path Given:
(4,4,4)
(3,4,4)
(2,4,4)
(1,4,4)
(0,4,4)
(0,3,4)
(1,3,4)
(2,3,4)
(3,3,4)
(4,3,4)
(4,2,4)
(3,2,4)
(2,2,4)
(1,2,4)
(0,2,4)
(0,1,4)
(1,1,4)
(2,1,4)
(3,1,4)
(4,1,4)
(4,0,4)
(3,0,4)
(2,0,4)
(1,0,4)
(0,0,4)
(0,0,3)
(1,0,3)
(2,0,3)
(3,0,3)
(4,0,3)
(4,1,3)
(3,1,3)
(2,1,3)
(1,1,3)
(0,1,3)
(0,2,3)
(1,2,3)
(2,2,3)
(3,2,3)
(4,2,3)
(4,3,3)
(3,3,3)
(2,3,3)
(1,3,3)
(0,3,3)
(0,4,3)
(1,4,3)
(2,4,3)
(3,4,3)
(4,4,3)
(4,4,2)
(3,4,2)
(2,4,2)
(1,4,2)
(0,4,2)
(0,3,2)
(1,3,2)
(2,3,2)
(3,3,2)
(4,3,2)
(4,2,2)
(3,2,2)
(2,2,2)
(1,2,2)
(0,2,2)
(0,1,2)
(1,1,2)
(2,1,2)
(3,1,2)
(4,1,2)
(4,0,2)
(3,0,2)
(2,0,2)
(1,0,2)
(0,0,2)
(0,0,1)
(1,0,1)
(2,0,1)
(3,0,1)
(4,0,1)
(4,1,1)
(3,1,1)
(2,1,1)
(1,1,1)
(0,1,1)
(0,2,1)
(1,2,1)
(2,2,1)
(3,2,1)
(4,2,1)
(4,3,1)
(3,3,1)
(2,3,1)
(1,3,1)
(0,3,1)
(0,4,1)
(1,4,1)
(2,4,1)
(3,4,1)
(4,4,1)
(4,4,0)
(3,4,0)
(2,4,0)
(1,4,0)
(0,4,0)
(0,3,0)
(1,3,0)
(2,3,0)
(3,3,0)
(4,3,0)
(4,2,0)
(3,2,0)
(2,2,0)
(1,2,0)
(0,2,0)
(0,1,0)
(1,1,0)
(2,1,0)
(3,1,0)
(4,1,0)
(4,0,0)
(3,0,0)
(2,0,0)
(1,0,0)
(0,0,0)

importMaze Mazes/Solvable3.txt False
toString
3 3 3 3 3 
3 3 3 3 3 
3 3 3 3 3 
3 3 3 3 3 
3 3 3 3 3 

3 3 3 3 3 
3 3 3 3 3 
3 3 3 3 3 
3 3 3 3 3 
3 3 3 3 3 

3 3 3 3 3 
3 3 3 3 3 
3 3 3 3 3 
3 3 3 3 3 
3 3 3 3 3 

3 3 3 3 3 
3 3 3 3 3 
3 3 3 3 3 
3 3 3 3 3 
3 3 3 3 3 

3 3 3 3 3 
3 3 3 3 3 
3 3 3 3 3 
3 3 3 3 3 
3 3 3 3 3 

solveMaze INVALID path given, path must begin at cell (0, 0, 0)
Path Given:
(4,4,4)
(3,4,4)
(2,4,4)
(1,4,4)
(0,4,4)
(0,3,4)
(1,3,4)
(2,3,4)
(3,3,4)
(4,3,4)
(4,2,4)
(3,2,4)
(2,2,4)
(1,2,4)
(0,2,4)
(0,1,4)
(1,1,4)
(2,1,4)
(3,1,4)
(4,1,4)
(4,0,4)
(3,0,4)
(2,0,4)
(1,0,4)
(0,0,4)
(0,0,3)
(1,0,3)
(2,0,3)
(3,0,3)
(4,0,3)
(4,1,3)
(3,1,3)
(2,1,3)
(1,1,3)
(0,1,3)
(0,2,3)
(1,2,3)
(2,2,3)
(3,2,3)
(4,2,3)
(4,3,3)
(3,3,3)
(2,3,3)
(1,3,3)
(0,3,3)
(0,4,3)
(1,4,3)
(2,4,3)
(3,4,3)
(4,4,3)
(4,4,2)
(3,4,2)
(2,4,2)
(1,4,2)
(0,4,2)
(0,3,2)
(1,3,2)
(2,3,2)
(3,3,2)
(4,3,2)
(4,2,2)
(3,2,2)
(2,2,2)
(1,2,2)
(0,2,2)
(0,1,2)
(1,1,2)
(2,1,2)
(3,1,2)
(4,1,2)
(4,0,2)
(3,0,2)
(2,0,2)
(1,0,2)
(0,0,2)
(0,0,1)
(1,0,1)
(2,0,1)
(3,0,1)
(4,0,1)
(4,1,1)
(3,1,1)
(2,1,1)
(1,1,1)
(0,1,1)
(0,2,1)
(1,2,1)
(2,2,1)
(3,2,1)
(4,2,1)
(4,3,1)
(3,3,1)
(2,3,1)
(1,3,1)
(0,3,1)
(0,4,1)
(1,4,1)
(2,4,1)
(3,4,1)
(4,4,1)
(4,4,0)
(3,4,0)
(2,4,0)
(1,4,0)
(0,4,0)
(0,3,0)
(1,3,0)
(2,3,0)
(3,3,0)
(4,3,0)
(4,2,0)
(3,2,0)
(2,2,0)
(1,2,0)
(0,2,0)
(0,1,0)
(1,1,0)
(2,1,0)
(3,1,0)
(4,1,0)
(4,0,0)
(3,0,0)
(2,0,0)
(1,0,0)
(0,0,0)

